1.015816170370388973e-04
1.017840899573131777e-04
1.016499155433316337e-04
1.011982841992656589e-04
1.004545354719122509e-04
9.944991036952919433e-05
9.822118670094027808e-05
9.681020360507732695e-05
9.526328382769067883e-05
9.363056441332165880e-05
9.196524828046455163e-05
9.032279061632282385e-05
8.876003516105666707e-05
8.733431626034930380e-05
8.610254307157564810e-05
8.512028254209106715e-05
8.444085777192790693e-05
8.411447816020925050e-05
8.418741734365870833e-05
8.470125438769179362e-05
8.569219299669774391e-05
8.719047266939709546e-05
8.921988472552501957e-05
9.179740494857582681e-05
9.493295319538903919e-05
9.862928868228958753e-05
1.028820477346954640e-04
1.076799285544663870e-04
1.130050249991919998e-04
1.188333084799099296e-04
1.251352538884592069e-04
1.318766020087084093e-04
1.390192472187468760e-04
1.465222355528890744e-04
1.543428544869132136e-04
1.624377922823500269e-04
1.707643415359696244e-04
1.792816188969406882e-04
1.879517709020276284e-04
1.967411346933245605e-04
2.056213221556155136e-04
2.145701968408902406e-04
2.235727149954374292e-04
2.326216050789237815e-04
2.417178643231306621e-04
2.508710560181165276e-04
2.600993971839997377e-04
2.694296328783073353e-04
2.788967003557292425e-04
2.885431933557907344e-04
2.984186436435618439e-04
3.085786432642955075e-04
3.190838364994131476e-04
3.299988149642472577e-04
3.413909524451285262e-04
3.533292177693116349e-04
3.658830041420897271e-04
3.791210119488337455e-04
3.931102190671530985e-04
4.079149684017008412e-04
4.235961968514880601e-04
4.402108235184908286e-04
4.578113079853305149e-04
4.764453822788947200e-04
4.961559530549192404e-04
5.169811639386349272e-04
5.389546021541662818e-04
5.621056288493211667e-04
5.864598090707138578e-04
6.120394153071574651e-04
6.388639779336060956e-04
6.669508567238277607e-04
6.963158097256328749e-04
7.269735390200165624e-04
7.589381969519026121e-04
7.922238410251064306e-04
8.268448304764238225e-04
8.628161622503052871e-04
9.001537483816288024e-04
9.388746403873285840e-04
9.789972089563636105e-04
1.020541288861148352e-03
1.063528299528699369e-03
1.107981351117051953e-03
1.153925344329375866e-03
1.201387069727743702e-03
1.250395309200256610e-03
1.300980938744302319e-03
1.353177028148157962e-03
1.407018929760995955e-03
1.462544345623621169e-03
1.519793360014163198e-03
1.578808423151327467e-03
1.639634271502640088e-03
1.702317770957934278e-03
1.766907671003860618e-03
1.833454260933132076e-03
1.902008922875356818e-03
1.972623580871064961e-03
2.045350050076543639e-03
2.120239295255908589e-03
2.197340612687375110e-03
2.276700754255686979e-03
2.358363016562425515e-03
2.442366321165739037e-03
2.528744314389473960e-03
2.617524516410366705e-03
2.708727549475180383e-03
2.802366474104372226e-03
2.898446260062988340e-03
2.996963415773685503e-03
3.097905795890377231e-03
3.201252602039792935e-03
3.306974586501743724e-03
3.415034463003774595e-03
3.525387523051063017e-03
3.637982450507830368e-03
3.752762321662392233e-03
3.869665772924556386e-03
3.988628313777491975e-03
4.109583758766118498e-03
4.232465749223728556e-03
4.357209333277146240e-03
4.483752571361547187e-03
4.612038134154369633e-03
4.742014860425219913e-03
4.873639243784736244e-03
5.006876819652263111e-03
5.141703426835370939e-03
5.278106321859783040e-03
5.416085128436858541e-03
5.555652609090594267e-03
5.696835250836120024e-03
5.839673661710406173e-03
5.984222779818213454e-03
6.130551901071183522e-03
6.278744536030310582e-03
6.428898109842196701e-03
6.581123522256553462e-03
6.735544587003406379e-03
6.892297371241637612e-03
7.051529456532617222e-03
7.213399142720437578e-03
7.378074615303991876e-03
7.545733095511727648e-03
7.716559990409220353e-03
7.890748058088252470e-03
8.068496600571774258e-03
8.250010694542160225e-03
8.435500467647372505e-03
8.625180425992758082e-03
8.819268836726757224e-03
9.017987168286506136e-03
9.221559590214161231e-03
9.430212534146695941e-03
9.644174317915867392e-03
9.863674835418423034e-03
1.008894531585481300e-02
1.032021815719965339e-02
1.055772683985057789e-02
1.080170592740842608e-02
1.105239116204913621e-02
1.131001966197476075e-02
1.157483022766975060e-02
1.184706376207575115e-02
1.212696380736356765e-02
1.241477719746138415e-02
1.271075482122690885e-02
1.301515248611007439e-02
1.332823186632230497e-02
1.365026151369209961e-02
1.398151790303371958e-02
1.432228647809427428e-02
1.467286265877492876e-02
1.503355276576889311e-02
1.540467481575422473e-02
1.578655913839221298e-02
1.617954876654778898e-02
1.658399955321448668e-02
1.700027997254159248e-02
1.742877056863226248e-02
1.786986302366551718e-02
1.832395882689035957e-02
1.879146753721378307e-02
1.927280464473854829e-02
1.976838904965167940e-02
2.027864019037559432e-02
2.080397486601556073e-02
2.134480381041033853e-02
2.190152808619398941e-02
2.247453537630557385e-02
2.306419625747676075e-02
2.367086054451407115e-02
2.429485379555931107e-02
2.493647406727573373e-02
2.559598900406490768e-02
2.627363333796132322e-02
2.696960686562339948e-02
2.768407295589816672e-02
2.841715762650193905e-02
2.916894921209089997e-02
2.993949862804226938e-02
3.072882021656562351e-02
3.153689314377422503e-02
3.236366329892378241e-02
3.320904563173825153e-02
3.407292684930453286e-02
3.495516838276641058e-02
3.585560952504227711e-02
3.677407063527522724e-02
3.771035630285763524e-02
3.866425836511012265e-02
3.963555867664045329e-02
4.062403153584294435e-02
4.162944568445076099e-02
4.265156580894474692e-02
4.369015348809874438e-02
4.474496754772780416e-02
4.581576380245190594e-02
4.690229418297164193e-02
4.800430526669473980e-02
4.912153624862648782e-02
5.025371640667148504e-02
5.140056213234662358e-02
5.256177361196033571e-02
5.373703125538889513e-02
5.492599197861231658e-02
5.612828545275590220e-02
5.734351043486245192e-02
5.857123129619550006e-02
5.981097485932102692e-02
6.106222764984531315e-02
6.232443365784152978e-02
6.359699269269887545e-02
6.487925939974714673e-02
6.617054299084162983e-02
6.747010772296473113e-02
6.877717413965574178e-02
7.009092107105809044e-02
7.141048836890184770e-02
7.273498033394927564e-02
7.406346977678270049e-02
7.539500263617705811e-02
7.672860306667478314e-02
7.806327889562532374e-02
7.939802734157039299e-02
8.073184088124545077e-02
8.206371315004358513e-02
8.339264476207362831e-02
8.471764894056459105e-02
8.603775685593949285e-02
8.735202257995643149e-02
8.865952757518344440e-02
8.995938465470550149e-02
9.125074136204172626e-02
9.253278273818973942e-02
9.380473346020450076e-02
9.506585935263507647e-02
9.631546828973817920e-02
9.755291052233514004e-02
9.877757847612228526e-02
9.998890608085429788e-02
1.011863676985258614e-01
1.023694767254802740e-01
1.035377839473949346e-01
1.046908757263917134e-01
1.058283720971157638e-01
1.069499248444632511e-01
1.080552156265277286e-01
1.091439541970796873e-01
1.102158767699130404e-01
1.112707445527265637e-01
1.123083424654040263e-01
1.133284780414242354e-01
1.143309804964510595e-01
1.153156999358355278e-01
1.162825066581195249e-01
1.172312905031014235e-01
1.181619601833087119e-01
1.190744425331884265e-01
1.199686816075450912e-01
1.208446375612469148e-01
1.217022852464593463e-01
1.225416124708592347e-01
1.233626178698938869e-01
1.241653083602067137e-01
1.249496961548488688e-01
1.257157953400004635e-01
1.264636180304300750e-01
1.271931701403048454e-01
1.279044468254940947e-01
1.285974276738235389e-01
1.292720717350211990e-01
1.299283125016932883e-01
1.305660529630124633e-01
1.311851608667827795e-01
1.317854643312432183e-01
1.323667479527300961e-01
1.329287495547177567e-01
1.334711577197064680e-01
1.339936102368181614e-01
1.344956935843617529e-01
1.349769435501209092e-01
1.354368470707457695e-01
1.358748453476384399e-01
1.362903382681587006e-01
1.366826901325930987e-01
1.370512366545136307e-01
1.373952931704444935e-01
1.377141639616728530e-01
1.380071525601017923e-01
1.382735728788689611e-01
1.385127609824358674e-01
1.387240872853000295e-01
1.389069689506101934e-01
1.390608822433715142e-01
1.391853745848159185e-01
1.392800760516550718e-01
1.393447100659135907e-01
1.393791030315464918e-01
1.393831926901106799e-01
1.393570349893209770e-01
1.393008092868755488e-01
1.392148217446527725e-01
1.390995068060350282e-01
1.389554266895889900e-01
1.387832688762599964e-01
1.385838416107010862e-01
1.383580674833944368e-01
1.381069752015927077e-01
1.378316897010108399e-01
1.375334207841712730e-01
1.372134505080188083e-01
1.368731195684132484e-01
1.365138129511925258e-01
1.361369451349430659e-01
1.357439451359444826e-01
1.353362416884767716e-01
1.349152488430251373e-01
1.344823522540996019e-01
1.340388964052415810e-01
1.335861729943077225e-01
1.331254106693635642e-01
1.326577662690852366e-01
1.321843176844019752e-01
1.317060584151223679e-01
1.312238938567242830e-01
1.307386393087186238e-01
1.302510196600190073e-01
1.297616706675086273e-01
1.292711417136113428e-01
1.287798998985055787e-01
1.282883353008299199e-01
1.277967672212121930e-01
1.273054512123852899e-01
1.268145866922550102e-01
1.263243249354452091e-01
1.258347772444347590e-01
1.253460231094620514e-01
1.248581181815615476e-01
1.243711019001111778e-01
1.238850046370572472e-01
1.233998542423052902e-01
1.229156818997969441e-01
1.224325272280048504e-01
1.219504425834503497e-01
1.214694965494980267e-01
1.209897766152624454e-01
1.205113910698177859e-01
1.200344701540316666e-01
1.195591665282729338e-01
1.190856551258003132e-01
1.186141324693663068e-01
1.181448155361485425e-01
1.176779402556815263e-01
1.172137597270586917e-01
1.167525422362338111e-01
1.162945691497772605e-01
1.158401327512653262e-01
1.153895340789455326e-01
1.149430808098309137e-01
1.145010852252310030e-01
1.140638622795364931e-01
1.136317277822941063e-01
1.132049966929256912e-01
1.127839815164282666e-01
1.123689907804572008e-01
1.119603275675137566e-01
1.115582880707767094e-01
1.111631601409139164e-01
1.107752217904219710e-01
1.103947396257033003e-01
1.100219671812657785e-01
1.096571431377369593e-01
1.093004894149012390e-01
1.089522091400412646e-01
1.086124845044054016e-01
1.082814745308225135e-01
1.079593127879209802e-01
1.076461050958731069e-01
1.073419272783641271e-01
1.070468230219790290e-01
1.067608019088164273e-01
1.064838376901325601e-01
1.062158668671498579e-01
1.059567876404043235e-01
1.057064592818960785e-01
1.054647019730963892e-01
1.052312971390523405e-01
1.050059882934727684e-01
1.047884823937583615e-01
1.045784516873181774e-01
1.043755360146615685e-01
1.041793455188470968e-01
1.039894636976817638e-01
1.038054507244020597e-01
1.036268469554582211e-01
1.034531765403947645e-01
1.032839510498906738e-01
1.031186730427743198e-01
1.029568395016669524e-01
1.027979450795508259e-01
1.026414851143454821e-01
1.024869583866594575e-01
1.023338696132278514e-01
1.021817316874970155e-01
1.020300676958609681e-01
1.018784127520743904e-01
1.017263157050499189e-01
1.015733407813627642e-01
1.014190692275030309e-01
1.012631010138062282e-01
1.011050566546176782e-01
1.009445791868340547e-01
1.007813363319732536e-01
1.006150228467782015e-01
1.004453630440524797e-01
1.002721134421530741e-01
1.000950654767974041e-01
9.991404818757822215e-02
9.972893077171228471e-02
9.953962488300681366e-02
9.934608654478806200e-02
9.914831754211397841e-02
9.894636616269607277e-02
9.874032716678078636e-02
9.853034088374647281e-02
9.831659135785325576e-02
9.809930349481868483e-02
9.787873919541460743e-02
9.765519249891110865e-02
9.742898379787227892e-02
9.720045322363833618e-02
9.696995333762790936e-02
9.673784129554931221e-02
9.650447067861925299e-02
9.627018320523057782e-02
9.603530054959508178e-02
9.580011649726409562e-02
9.556488966291487586e-02
9.532983698270383610e-02
9.509512817159457287e-02
9.486088130777241278e-02
9.462715967102479364e-02
9.439396992254531216e-02
9.416126167062641161e-02
9.392892842255519403e-02
9.369680987934678185e-02
9.346469548796131066e-02
9.323232912777026926e-02
9.299941477535410284e-02
9.276562296481946635e-02
9.253059784199421656e-02
9.229396459895511384e-02
9.205533707213993388e-02
9.181432529119437636e-02
9.157054277807012699e-02
9.132361341334362115e-02
9.107317771142375840e-02
9.081889837412517041e-02
9.056046502391823516e-02
9.029759805071961576e-02
9.003005154016520406e-02
8.975761528285597368e-02
8.948011589471489835e-02
8.919741710499450027e-02
8.890941929111827180e-02
8.861605835746479143e-02
8.831730406782468956e-02
8.801315794857138275e-02
8.770365088255083208e-02
8.738884051042644652e-02
8.706880855022551546e-02
8.674365813525090896e-02
8.641351125705112879e-02
8.607850638548683597e-02
8.573879632053993394e-02
8.539454631434030552e-02
8.504593248450066645e-02
8.469314052450506447e-02
8.433636470244489092e-02
8.397580712702623629e-02
8.361167724987512984e-02
8.324419156534604292e-02
8.287357346392888735e-02
8.250005319267081361e-02
8.212386787570265245e-02
8.174526154941412492e-02
8.136448517070633824e-02
8.098179656137148574e-02
8.059746025812283832e-02
8.021174724452935501e-02
7.982493454864948712e-02
7.943730469757599721e-02
7.904914502756574257e-02
7.866074685518684162e-02
7.827240452124570314e-02
7.788441432454396018e-02
7.749707336698984095e-02
7.711067833470883204e-02
7.672552424217647660e-02
7.634190316713890256e-02
7.596010300433583828e-02
7.558040626448017663e-02
7.520308894331810545e-02
7.482841948232890616e-02
7.445665783929504566e-02
7.408805468274358430e-02
7.372285071987184912e-02
7.336127616289866982e-02
7.300355033420886930e-02
7.264988140605670164e-02
7.230046626642801233e-02
7.195549049881161396e-02
7.161512846044593150e-02
7.127954344075970727e-02
7.094888787999342750e-02
7.062330362650801052e-02
7.030292221099355976e-02
6.998786511590010528e-02
6.967824401958483405e-02
6.937416099625888510e-02
6.907570865532614013e-02
6.878297020661132410e-02
6.849601944148711596e-02
6.821492062396704303e-02
6.793972828989287838e-02
6.767048695707349182e-02
6.740723075362042849e-02
6.714998297643086367e-02
6.689875559610593270e-02
6.665354872862218338e-02
6.641435009786880728e-02
6.618113451597061603e-02
6.595386341079016723e-02
6.573248443134910302e-02
6.551693116234988401e-02
6.530712297838689451e-02
6.510296506668493410e-02
6.490434864435899731e-02
6.471115139212564593e-02
6.452323812139280912e-02
6.434046168561144419e-02
6.416266413996665752e-02
6.398967814611941640e-02
6.382132861084593989e-02
6.365743453962212361e-02
6.349781107847066175e-02
6.334227171008782742e-02
6.319063056380443133e-02
6.304270479341900213e-02
6.289831697258882470e-02
6.275729745463233533e-02
6.261948664221163308e-02
6.248473711261980784e-02
6.235291554621943261e-02
6.222390440900196079e-02
6.209760334499504764e-02
6.197393024041625287e-02
6.185282192836563664e-02
6.173423451087434871e-02
6.161814328345709135e-02
6.150454225586645535e-02
6.139344327145747349e-02
6.128487473587954787e-02
6.117887997384528764e-02
6.107551523999621423e-02
6.097484741673286912e-02
6.087695143772834522e-02
6.078190748118516423e-02
6.068979798131830111e-02
6.060070451041301570e-02
6.051470458702294664e-02
6.043186846841328008e-02
6.035225598745642267e-02
6.027591349573387103e-02
6.020287097544173294e-02
6.013313938315330287e-02
6.006670828790277444e-02
6.000354386486873165e-02
5.994358730351901504e-02
5.988675368547821676e-02
5.983293138241473075e-02
5.978198201767455366e-02
5.973374102713339268e-02
5.968801884475864739e-02
5.964460272663820589e-02
5.960325921387402137e-02
5.956373721986843450e-02
5.952577171163769137e-02
5.948908793783554139e-02
5.945340613926917289e-02
5.941844666060298180e-02
5.938393536603780304e-02
5.934960924696794371e-02
5.931522209711381083e-02
5.928055012066051066e-02
5.924539733222088100e-02
5.920960060435757899e-02
5.917303421943503894e-02
5.913561378780134853e-02
5.909729940394359976e-02
5.905809792619388238e-02
5.901806428361212192e-02
5.897730173537445164e-02
5.893596103295890148e-02
5.889423846284264075e-02
5.885237277657372201e-02
5.881064104519996560e-02
5.876935350495317290e-02
5.872884749006623828e-02
5.868948057561858972e-02
5.865162307731459912e-02
5.861565007552656248e-02
5.858193314674445956e-02
5.855083199647696107e-02
5.852268619290513368e-02
5.849780720029852665e-02
5.847647090494011851e-02
5.845891081459633765e-02
5.844531209543775419e-02
5.843580658854043847e-02
5.843046892229082634e-02
5.842931380798815910e-02
5.843229457478618660e-02
5.843930296778346994e-02
5.845017020069317309e-02
5.846466922315900899e-02
5.848251813344891581e-02
5.850338464098787938e-02
5.852689146063635300e-02
5.855262250259025275e-02
5.858012970869892061e-02
5.860894037806964330e-02
5.863856482230210554e-02
5.866850419320036869e-02
5.869825833327035891e-02
5.872733351098075039e-02
5.875524991820073317e-02
5.878154882549027627e-02
5.880579931122469073e-02
5.882760450199600588e-02
5.884660728338372837e-02
5.886249546115589204e-02
5.887500637247269908e-02
5.888393096400700716e-02
5.888911736836272004e-02
5.889047402148242516e-02
5.888797237150701636e-02
5.888164923360234698e-02
5.887160884576892600e-02
5.885802467766160229e-02
5.884114103837949361e-02
5.882127452044135646e-02
5.879881530630993308e-02
5.877422835157602998e-02
5.874805444576747249e-02
5.872091113869352258e-02
5.869349350767406881e-02
5.866657472984936061e-02
5.864100641460617824e-02
5.861771864435930818e-02
5.859771966826918255e-02
5.858209519297221529e-02
5.857200721748541394e-02
5.856869236621604913e-02
5.857345968416714094e-02
5.858768787219286595e-02
5.861282195681817575e-02
5.865036940859113396e-02
5.870189574434378499e-02
5.876901967173523561e-02
5.885340785810679737e-02
5.895676942934501702e-02
5.908085032720366420e-02
5.922742767470813574e-02
5.939830431786276288e-02
5.959530372725434927e-02
5.982026545441853499e-02
6.007504134455302069e-02
6.036149270841757730e-02
6.068148865194283870e-02
6.103690575141067914e-02
6.142962924520629919e-02
6.186155588948515083e-02
6.233459859508103107e-02
6.285069292627301629e-02
6.341180549923416954e-02
6.401994426903175051e-02
6.467717063977244940e-02
6.538561327307623738e-02
6.614748340649949376e-02
6.696509142617848576e-02
6.784086436814334986e-02
6.877736395101680111e-02
6.977730467046214247e-02
7.084357141403238578e-02
7.197923598517255717e-02
7.318757185870437831e-02
7.447206642884862671e-02
7.583642995647391083e-02
7.728460037695678020e-02
7.882074309620175356e-02
8.044924488196582291e-02
8.217470095402078234e-02
8.400189439202218611e-02
8.593576701739293056e-02
8.798138096800459107e-02
9.014387027450856960e-02
9.242838186775802212e-02
9.484000559966471178e-02
9.738369304719443620e-02
1.000641650914187719e-01
1.028858085212555618e-01
1.058525622026743329e-01
1.089677936772667638e-01
1.122341674037816983e-01
1.156535062280686782e-01
1.192266480518384408e-01
1.229533000606174986e-01
1.268318932537192689e-01
1.308594403824161756e-01
1.350314007312106157e-01
1.393415554571073856e-01
1.437818974165831765e-01
1.483425395438164041e-01
1.530116458824410663e-01
1.577753893016789200e-01
1.626179397362400858e-01
1.675214864686396243e-01
1.724662975176276813e-01
1.774308186079535665e-01
1.823918134775085187e-01
1.873245464395792426e-01
1.922030071733656642e-01
1.970001766870881355e-01
2.016883323088765334e-01
2.062393884409777778e-01
2.106252686955825126e-01
2.148183039508144987e-01
2.187916498597887172e-01
2.225197164501075409e-01
2.259786017003010128e-01
2.291465204050127380e-01
2.320042192686853910e-01
2.345353690190849216e-01
2.367269244217865554e-01
2.385694434101415795e-01
2.400573571218751201e-01
2.411891834423652847e-01
2.419676776782503369e-01
2.423999151991928225e-01
2.424973022568096548e-01
2.422755126832108752e-01
2.417543497456168811e-01
2.409575340459214343e-01
2.399124199612293340e-01
2.386496446822377604e-01
2.372027153793618837e-01
2.356075413783149108e-01
2.339019194243012190e-01
2.321249811333586377e-01
2.303166125507067619e-01
2.285168563463945424e-01
2.267653075704757770e-01
2.251005140624870171e-01
2.235593925649483893e-01
2.221766713364810575e-01
2.209843696054283047e-01
2.200113235633573139e-01
2.192827677822425381e-01
2.188199799649733490e-01
2.186399958202161486e-01
2.187553996070617235e-01
2.191741945354019616e-01
2.198997557539353054e-01
2.209308671249942124e-01
2.222618413942075155e-01
2.238827217351017640e-01
2.257795610088231819e-01
2.279347734550752624e-01
2.303275519537570926e-01
2.329343425031913939e-01
2.357293661870468182e-01
2.386851776896916633e-01
2.417732484079719024e-01
2.449645614386102288e-01
2.482302052301789685e-01
2.515419525120543565e-01
2.548728112735247908e-01
2.581975350853276674e-01
2.614930809352958296e-01
2.647390039873043777e-01
2.679177802469289160e-01
2.710150499943167479e-01
2.740197769792784288e-01
2.769243207026256814e-01
2.797244215623611030e-01
2.824191011419417419e-01
2.850104823741901883e-01
2.875035366415037430e-01
2.899057669834195772e-01
2.922268383953157134e-01
2.944781676463797959e-01
2.966724860622698134e-01
2.988233892666810609e-01
3.009448879337803806e-01
3.030509731661049089e-01
3.051552092003183558e-01
3.072703647934058591e-01
3.094080929121046375e-01
3.115786663140903689e-01
3.137907743546998196e-01
3.160513839769847344e-01
3.183656654424288357e-01
3.207369810369590235e-01
3.231669328336231883e-01
3.256554636965464655e-01
3.282010041372475651e-01
3.308006564417179662e-01
3.334504067052808107e-01
3.361453550571795734e-01
3.388799544226493432e-01
3.416482486258193285e-01
3.444441014435397075e-01
3.472614093141709324e-01
3.500942917211307681e-01
3.529372547286858119e-01
3.557853246695708016e-01
3.586341504938747593e-01
3.614800747132734249e-01
3.643201741543324323e-01
3.671522728159914983e-01
3.699749299791232349e-01
3.727874073131794419e-01
3.755896190680142466e-01
3.783820695315959770e-01
3.811657818013249321e-01
3.839422215926750481e-01
3.867132193302623699e-01
3.894808931829642495e-01
3.922475750623621304e-01
3.950157409487129456e-01
3.977879462849610581e-01
4.005667666222871293e-01
4.033547432388196463e-01
4.061543331108824484e-01
4.089678623964137505e-01
4.117974825030386032e-01
4.146451278475692392e-01
4.175124745550293781e-01
4.204008995766987944e-01
4.233114400027174207e-01
4.262447526799567066e-01
4.292010745907215430e-01
4.321801847836694299e-01
4.351813689426375920e-01
4.382033879203220961e-01
4.412444517313696135e-01
4.443022005862301005e-01
4.473736945441210699e-01
4.504554132752047746e-01
4.535432672448161950e-01
4.566326213819122404e-01
4.597183319765079657e-01
4.627947971779670100e-01
4.658560210611824015e-01
4.688956907960145082e-01
4.719072660228896821e-01
4.748840791169340325e-01
4.778194446230295545e-01
4.807067757957765863e-01
4.835397058695455330e-01
4.863122114493365067e-01
4.890187352409726129e-01
4.916543052477445053e-01
4.942146475456843380e-01
4.966962898165533380e-01
4.990966529603396706e-01
5.014141283282846917e-01
5.036481384026032515e-01
5.057991790961905432e-01
5.078688422418563553e-01
5.098598172779229554e-01
5.117758716010392117e-01
5.136218095376581250e-01
5.154034103676445877e-01
5.171273463074010923e-01
5.188010818104135113e-01
5.204327559624373212e-01
5.220310501238495382e-01
5.236050432978005542e-01
5.251640579699535794e-01
5.267174993717066434e-01
5.282746912583800025e-01
5.298447113683150134e-01
5.314362297361793219e-01
5.330573529769701002e-01
5.347154775405545957e-01
5.364171547617622160e-01
5.381679703057256070e-01
5.399724403349098756e-01
5.418339264124838461e-01
5.437545708081858997e-01
5.457352534954248435e-01
5.477755717296930449e-01
5.498738426771471177e-01
5.520271291336055208e-01
5.542312879340759446e-01
5.564810402129569677e-01
5.587700622389402128e-01
5.610910951219186815e-01
5.634360712791161019e-01
5.657962551625203007e-01
5.681623953936849603e-01
5.705248851384137065e-01
5.728739272856975262e-01
5.751997007852921451e-01
5.774925243530427688e-01
5.797430136793922939e-01
5.819422282834184612e-01
5.840818042452895487e-01
5.861540692290116983e-01
5.881521364756226999e-01
5.900699748028058744e-01
5.919024520883789942e-01
5.936453502325388376e-01
5.952953501800993807e-01
5.968499862286069657e-01
5.983075695309939546e-01
5.996670814176152664e-01
6.009280378819488178e-01
6.020903272914970294e-01
6.031540240756478877e-01
6.041191817908682093e-01
6.049856095580643522e-01
6.057526363886057696e-01
6.064188683580548078e-01
6.069819439388014493e-01
6.074382930587663987e-01
6.077829056094370408e-01
6.080091151822684115e-01
6.081084037656987462e-01
6.080702329915506077e-01
6.078819072778332000e-01
6.075284738807589235e-01
6.069926644458332188e-01
6.062548821354674100e-01
6.052932378152270365e-01
6.040836381012715250e-01
6.025999273092756958e-01
6.008140845040815803e-01
5.986964759272783709e-01
5.962161620833527076e-01
5.933412576994993026e-01
5.900393416466795937e-01
5.862779127329617035e-01
5.820248860763310716e-01
5.772491235472685389e-01
5.719209905793889437e-01
5.660129305039871550e-01
5.595000465140481660e-01
5.523606804443982332e-01
5.445769768108628117e-01
5.361354200237375967e-01
5.270273324241744328e-01
5.172493208186372815e-01
5.068036595398006661e-01
4.956985987603485522e-01
4.839485878397662977e-01
4.715744048899810914e-01
4.586031854859261570e-01
4.450683454893091806e-01
4.310093952539352236e-01
4.164716449760162420e-01
4.015058035752253618e-01
3.861674761593325012e-01
3.705165677512494149e-01
3.546166034536990530e-01
3.385339775054260203e-01
3.223371456604373075e-01
