0.000000000000000000e+00
6.413634494542614847e-03
1.282726898908522969e-02
1.924090348362784281e-02
2.565453797817045939e-02
3.206817247271307597e-02
3.848180696725568561e-02
4.489544146179830220e-02
5.130907595634091878e-02
5.772271045088353536e-02
6.413634494542615194e-02
7.054997943996876852e-02
7.696361393451137123e-02
8.337724842905398781e-02
8.979088292359660439e-02
9.620451741813922097e-02
1.026181519126818376e-01
1.090317864072244541e-01
1.154454209017670707e-01
1.218590553963096873e-01
1.282726898908523039e-01
1.346863243853949066e-01
1.410999588799375370e-01
1.475135933744801398e-01
1.539272278690227425e-01
1.603408623635653729e-01
1.667544968581079756e-01
1.731681313526506061e-01
1.795817658471932088e-01
1.859954003417358392e-01
1.924090348362784419e-01
1.988226693308210724e-01
2.052363038253636751e-01
2.116499383199062778e-01
2.180635728144489083e-01
2.244772073089915110e-01
2.308908418035341414e-01
2.373044762980767441e-01
2.437181107926193746e-01
2.501317452871619773e-01
2.565453797817046078e-01
2.629590142762471827e-01
2.693726487707898132e-01
2.757862832653324436e-01
2.821999177598750741e-01
2.886135522544176490e-01
2.950271867489602795e-01
3.014408212435029100e-01
3.078544557380454849e-01
3.142680902325881154e-01
3.206817247271307458e-01
3.270953592216733763e-01
3.335089937162159512e-01
3.399226282107585817e-01
3.463362627053012122e-01
3.527498971998438426e-01
3.591635316943864176e-01
3.655771661889290480e-01
3.719908006834716785e-01
3.784044351780142534e-01
3.848180696725568839e-01
3.912317041670995144e-01
3.976453386616421448e-01
4.040589731561847198e-01
4.104726076507273502e-01
4.168862421452699807e-01
4.232998766398125556e-01
4.297135111343551861e-01
4.361271456288978166e-01
4.425407801234404470e-01
4.489544146179830220e-01
4.553680491125256524e-01
4.617816836070682829e-01
4.681953181016108578e-01
4.746089525961534883e-01
4.810225870906961188e-01
4.874362215852387492e-01
4.938498560797813242e-01
5.002634905743239546e-01
5.066771250688665296e-01
5.130907595634092155e-01
5.195043940579517905e-01
5.259180285524943654e-01
5.323316630470370514e-01
5.387452975415796264e-01
5.451589320361223123e-01
5.515725665306648873e-01
5.579862010252074622e-01
5.643998355197501482e-01
5.708134700142927231e-01
5.772271045088352981e-01
5.836407390033779841e-01
5.900543734979205590e-01
5.964680079924631340e-01
6.028816424870058199e-01
6.092952769815483949e-01
6.157089114760909698e-01
6.221225459706336558e-01
6.285361804651762307e-01
6.349498149597189167e-01
6.413634494542614917e-01
6.477770839488040666e-01
6.541907184433467526e-01
6.606043529378893275e-01
6.670179874324319025e-01
6.734316219269745885e-01
6.798452564215171634e-01
6.862588909160597384e-01
6.926725254106024243e-01
6.990861599051449993e-01
7.054997943996876852e-01
7.119134288942302602e-01
7.183270633887728351e-01
7.247406978833155211e-01
7.311543323778580961e-01
7.375679668724006710e-01
7.439816013669433570e-01
7.503952358614859319e-01
7.568088703560285069e-01
7.632225048505711928e-01
7.696361393451137678e-01
7.760497738396563427e-01
7.824634083341990287e-01
7.888770428287416037e-01
7.952906773232842896e-01
8.017043118178268646e-01
8.081179463123694395e-01
8.145315808069121255e-01
8.209452153014547005e-01
8.273588497959972754e-01
8.337724842905399614e-01
8.401861187850825363e-01
8.465997532796251113e-01
8.530133877741677972e-01
8.594270222687103722e-01
8.658406567632530582e-01
8.722542912577956331e-01
8.786679257523382081e-01
8.850815602468808940e-01
8.914951947414234690e-01
8.979088292359660439e-01
9.043224637305087299e-01
9.107360982250513048e-01
9.171497327195938798e-01
9.235633672141365658e-01
9.299770017086791407e-01
9.363906362032217157e-01
9.428042706977644016e-01
9.492179051923069766e-01
9.556315396868496626e-01
9.620451741813922375e-01
9.684588086759348124e-01
9.748724431704774984e-01
9.812860776650200734e-01
9.876997121595626483e-01
9.941133466541053343e-01
1.000526981148647909e+00
1.006940615643190595e+00
1.013354250137733059e+00
1.019767884632275745e+00
1.026181519126818431e+00
1.032595153621360895e+00
1.039008788115903581e+00
1.045422422610446267e+00
1.051836057104988731e+00
1.058249691599531417e+00
1.064663326094074103e+00
1.071076960588616789e+00
1.077490595083159253e+00
1.083904229577701939e+00
1.090317864072244625e+00
1.096731498566787089e+00
1.103145133061329775e+00
1.109558767555872461e+00
1.115972402050414924e+00
1.122386036544957610e+00
1.128799671039500296e+00
1.135213305534042760e+00
1.141626940028585446e+00
1.148040574523128132e+00
1.154454209017670596e+00
1.160867843512213282e+00
1.167281478006755968e+00
1.173695112501298432e+00
1.180108746995841118e+00
1.186522381490383804e+00
1.192936015984926268e+00
1.199349650479468954e+00
1.205763284974011640e+00
1.212176919468554104e+00
1.218590553963096790e+00
1.225004188457639476e+00
1.231417822952181940e+00
1.237831457446724626e+00
1.244245091941267312e+00
1.250658726435809998e+00
1.257072360930352461e+00
1.263485995424895147e+00
1.269899629919437833e+00
1.276313264413980297e+00
1.282726898908522983e+00
1.289140533403065669e+00
1.295554167897608133e+00
1.301967802392150819e+00
1.308381436886693505e+00
1.314795071381235969e+00
1.321208705875778655e+00
1.327622340370321341e+00
1.334035974864863805e+00
1.340449609359406491e+00
1.346863243853949177e+00
1.353276878348491641e+00
1.359690512843034327e+00
1.366104147337577013e+00
1.372517781832119477e+00
1.378931416326662163e+00
1.385345050821204849e+00
1.391758685315747313e+00
1.398172319810289999e+00
1.404585954304832685e+00
1.410999588799375370e+00
1.417413223293917834e+00
1.423826857788460520e+00
1.430240492283003206e+00
1.436654126777545670e+00
1.443067761272088356e+00
1.449481395766631042e+00
1.455895030261173506e+00
1.462308664755716192e+00
1.468722299250258878e+00
1.475135933744801342e+00
1.481549568239344028e+00
1.487963202733886714e+00
1.494376837228429178e+00
1.500790471722971864e+00
1.507204106217514550e+00
1.513617740712057014e+00
1.520031375206599700e+00
1.526445009701142386e+00
1.532858644195684850e+00
1.539272278690227536e+00
1.545685913184770222e+00
1.552099547679312685e+00
1.558513182173855371e+00
1.564926816668398057e+00
1.571340451162940743e+00
1.577754085657483207e+00
1.584167720152025893e+00
1.590581354646568579e+00
1.596994989141111043e+00
1.603408623635653729e+00
1.609822258130196415e+00
1.616235892624738879e+00
1.622649527119281565e+00
1.629063161613824251e+00
1.635476796108366715e+00
1.641890430602909401e+00
1.648304065097452087e+00
1.654717699591994551e+00
1.661131334086537237e+00
1.667544968581079923e+00
1.673958603075622387e+00
1.680372237570165073e+00
1.686785872064707759e+00
1.693199506559250223e+00
1.699613141053792909e+00
1.706026775548335594e+00
1.712440410042878058e+00
1.718854044537420744e+00
1.725267679031963430e+00
1.731681313526506116e+00
1.738094948021048580e+00
1.744508582515591266e+00
1.750922217010133952e+00
1.757335851504676416e+00
1.763749485999219102e+00
1.770163120493761788e+00
1.776576754988304252e+00
1.782990389482846938e+00
1.789404023977389624e+00
1.795817658471932088e+00
1.802231292966474774e+00
1.808644927461017460e+00
1.815058561955559924e+00
1.821472196450102610e+00
1.827885830944645296e+00
1.834299465439187760e+00
1.840713099933730446e+00
1.847126734428273132e+00
1.853540368922815595e+00
1.859954003417358281e+00
1.866367637911900967e+00
1.872781272406443431e+00
1.879194906900986117e+00
1.885608541395528803e+00
1.892022175890071489e+00
1.898435810384613953e+00
1.904849444879156639e+00
1.911263079373699325e+00
1.917676713868241789e+00
1.924090348362784475e+00
1.930503982857327161e+00
1.936917617351869625e+00
1.943331251846412311e+00
1.949744886340954997e+00
1.956158520835497461e+00
1.962572155330040147e+00
1.968985789824582833e+00
1.975399424319125297e+00
1.981813058813667983e+00
1.988226693308210669e+00
1.994640327802753133e+00
2.001053962297295818e+00
2.007467596791838282e+00
2.013881231286381190e+00
2.020294865780923654e+00
2.026708500275466118e+00
2.033122134770009026e+00
2.039535769264551490e+00
2.045949403759093954e+00
2.052363038253636862e+00
2.058776672748179326e+00
2.065190307242721790e+00
2.071603941737264698e+00
2.078017576231807162e+00
2.084431210726349626e+00
2.090844845220892534e+00
2.097258479715434998e+00
2.103672114209977462e+00
2.110085748704520370e+00
2.116499383199062834e+00
2.122913017693605298e+00
2.129326652188148206e+00
2.135740286682690670e+00
2.142153921177233578e+00
2.148567555671776041e+00
2.154981190166318505e+00
2.161394824660861413e+00
2.167808459155403877e+00
2.174222093649946341e+00
2.180635728144489249e+00
2.187049362639031713e+00
2.193462997133574177e+00
2.199876631628117085e+00
2.206290266122659549e+00
2.212703900617202013e+00
2.219117535111744921e+00
2.225531169606287385e+00
2.231944804100829849e+00
2.238358438595372757e+00
2.244772073089915221e+00
2.251185707584457685e+00
2.257599342079000593e+00
2.264012976573543057e+00
2.270426611068085521e+00
2.276840245562628429e+00
2.283253880057170893e+00
2.289667514551713356e+00
2.296081149046256265e+00
2.302494783540798728e+00
2.308908418035341192e+00
2.315322052529884100e+00
2.321735687024426564e+00
2.328149321518969028e+00
2.334562956013511936e+00
2.340976590508054400e+00
2.347390225002596864e+00
2.353803859497139772e+00
2.360217493991682236e+00
2.366631128486224700e+00
2.373044762980767608e+00
2.379458397475310072e+00
2.385872031969852536e+00
2.392285666464395444e+00
2.398699300958937908e+00
2.405112935453480372e+00
2.411526569948023280e+00
2.417940204442565744e+00
2.424353838937108208e+00
2.430767473431651116e+00
2.437181107926193580e+00
2.443594742420736043e+00
2.450008376915278951e+00
2.456422011409821415e+00
2.462835645904363879e+00
2.469249280398906787e+00
2.475662914893449251e+00
2.482076549387992159e+00
2.488490183882534623e+00
2.494903818377077087e+00
2.501317452871619995e+00
2.507731087366162459e+00
2.514144721860704923e+00
2.520558356355247831e+00
2.526971990849790295e+00
2.533385625344332759e+00
2.539799259838875667e+00
2.546212894333418131e+00
2.552626528827960595e+00
2.559040163322503503e+00
2.565453797817045967e+00
2.571867432311588431e+00
2.578281066806131339e+00
2.584694701300673803e+00
2.591108335795216266e+00
2.597521970289759174e+00
2.603935604784301638e+00
2.610349239278844102e+00
2.616762873773387010e+00
2.623176508267929474e+00
2.629590142762471938e+00
2.636003777257014846e+00
2.642417411751557310e+00
2.648831046246099774e+00
2.655244680740642682e+00
2.661658315235185146e+00
2.668071949729727610e+00
2.674485584224270518e+00
2.680899218718812982e+00
2.687312853213355446e+00
2.693726487707898354e+00
2.700140122202440818e+00
2.706553756696983282e+00
2.712967391191526190e+00
2.719381025686068654e+00
2.725794660180611118e+00
2.732208294675154026e+00
2.738621929169696489e+00
2.745035563664238953e+00
2.751449198158781861e+00
2.757862832653324325e+00
2.764276467147866789e+00
2.770690101642409697e+00
2.777103736136952161e+00
2.783517370631494625e+00
2.789931005126037533e+00
2.796344639620579997e+00
2.802758274115122905e+00
2.809171908609665369e+00
2.815585543104207833e+00
2.821999177598750741e+00
2.828412812093293205e+00
2.834826446587835669e+00
2.841240081082378577e+00
2.847653715576921041e+00
2.854067350071463505e+00
2.860480984566006413e+00
2.866894619060548877e+00
2.873308253555091341e+00
2.879721888049634249e+00
2.886135522544176713e+00
2.892549157038719176e+00
2.898962791533262084e+00
2.905376426027804548e+00
2.911790060522347012e+00
2.918203695016889920e+00
2.924617329511432384e+00
2.931030964005974848e+00
2.937444598500517756e+00
2.943858232995060220e+00
2.950271867489602684e+00
2.956685501984145592e+00
2.963099136478688056e+00
2.969512770973230520e+00
2.975926405467773428e+00
2.982340039962315892e+00
2.988753674456858356e+00
2.995167308951401264e+00
3.001580943445943728e+00
3.007994577940486192e+00
3.014408212435029100e+00
3.020821846929571564e+00
3.027235481424114028e+00
3.033649115918656936e+00
3.040062750413199399e+00
3.046476384907741863e+00
3.052890019402284771e+00
3.059303653896827235e+00
3.065717288391369699e+00
3.072130922885912607e+00
3.078544557380455071e+00
3.084958191874997535e+00
3.091371826369540443e+00
3.097785460864082907e+00
3.104199095358625371e+00
3.110612729853168279e+00
3.117026364347710743e+00
3.123439998842253651e+00
3.129853633336796115e+00
3.136267267831338579e+00
3.142680902325881487e+00
3.149094536820423951e+00
3.155508171314966415e+00
3.161921805809509323e+00
3.168335440304051787e+00
3.174749074798594251e+00
3.181162709293137159e+00
3.187576343787679622e+00
3.193989978282222086e+00
3.200403612776764994e+00
3.206817247271307458e+00
3.213230881765849922e+00
3.219644516260392830e+00
3.226058150754935294e+00
3.232471785249477758e+00
3.238885419744020666e+00
3.245299054238563130e+00
3.251712688733105594e+00
3.258126323227648502e+00
3.264539957722190966e+00
3.270953592216733430e+00
3.277367226711276338e+00
3.283780861205818802e+00
3.290194495700361266e+00
3.296608130194904174e+00
3.303021764689446638e+00
3.309435399183989102e+00
3.315849033678532010e+00
3.322262668173074474e+00
3.328676302667616937e+00
3.335089937162159845e+00
3.341503571656702309e+00
3.347917206151244773e+00
3.354330840645787681e+00
3.360744475140330145e+00
3.367158109634872609e+00
3.373571744129415517e+00
3.379985378623957981e+00
3.386399013118500445e+00
3.392812647613043353e+00
3.399226282107585817e+00
3.405639916602128281e+00
3.412053551096671189e+00
3.418467185591213653e+00
3.424880820085756117e+00
3.431294454580299025e+00
3.437708089074841489e+00
3.444121723569383953e+00
3.450535358063926861e+00
3.456948992558469325e+00
3.463362627053012233e+00
3.469776261547554697e+00
3.476189896042097160e+00
3.482603530536640069e+00
3.489017165031182532e+00
3.495430799525724996e+00
3.501844434020267904e+00
3.508258068514810368e+00
3.514671703009352832e+00
3.521085337503895740e+00
3.527498971998438204e+00
3.533912606492980668e+00
3.540326240987523576e+00
3.546739875482066040e+00
3.553153509976608504e+00
3.559567144471151412e+00
3.565980778965693876e+00
3.572394413460236340e+00
3.578808047954779248e+00
3.585221682449321712e+00
3.591635316943864176e+00
3.598048951438407084e+00
3.604462585932949548e+00
3.610876220427492012e+00
3.617289854922034920e+00
3.623703489416577384e+00
3.630117123911119847e+00
3.636530758405662755e+00
3.642944392900205219e+00
3.649358027394747683e+00
3.655771661889290591e+00
3.662185296383833055e+00
3.668598930878375519e+00
3.675012565372918427e+00
3.681426199867460891e+00
3.687839834362003355e+00
3.694253468856546263e+00
3.700667103351088727e+00
3.707080737845631191e+00
3.713494372340174099e+00
3.719908006834716563e+00
3.726321641329259027e+00
3.732735275823801935e+00
3.739148910318344399e+00
3.745562544812886863e+00
3.751976179307429771e+00
3.758389813801972235e+00
3.764803448296514699e+00
3.771217082791057607e+00
3.777630717285600070e+00
3.784044351780142978e+00
3.790457986274685442e+00
3.796871620769227906e+00
3.803285255263770814e+00
3.809698889758313278e+00
3.816112524252855742e+00
3.822526158747398650e+00
3.828939793241941114e+00
3.835353427736483578e+00
3.841767062231026486e+00
3.848180696725568950e+00
3.854594331220111414e+00
3.861007965714654322e+00
3.867421600209196786e+00
3.873835234703739250e+00
3.880248869198282158e+00
3.886662503692824622e+00
3.893076138187367086e+00
3.899489772681909994e+00
3.905903407176452458e+00
3.912317041670994922e+00
3.918730676165537830e+00
3.925144310660080293e+00
3.931557945154622757e+00
3.937971579649165665e+00
3.944385214143708129e+00
3.950798848638250593e+00
3.957212483132793501e+00
3.963626117627335965e+00
3.970039752121878429e+00
3.976453386616421337e+00
3.982867021110963801e+00
3.989280655605506265e+00
3.995694290100049173e+00
4.002107924594591637e+00
4.008521559089134101e+00
4.014935193583676565e+00
4.021348828078219917e+00
4.027762462572762381e+00
4.034176097067304845e+00
4.040589731561847309e+00
4.047003366056389773e+00
4.053417000550932237e+00
4.059830635045475589e+00
4.066244269540018053e+00
4.072657904034560516e+00
4.079071538529102980e+00
4.085485173023645444e+00
4.091898807518187908e+00
4.098312442012731260e+00
4.104726076507273724e+00
4.111139711001816188e+00
4.117553345496358652e+00
4.123966979990901116e+00
4.130380614485443580e+00
4.136794248979986932e+00
4.143207883474529396e+00
4.149621517969071860e+00
4.156035152463614324e+00
4.162448786958156788e+00
4.168862421452699252e+00
4.175276055947242604e+00
4.181689690441785068e+00
4.188103324936327532e+00
4.194516959430869996e+00
4.200930593925412460e+00
4.207344228419954923e+00
4.213757862914498276e+00
4.220171497409040740e+00
4.226585131903583203e+00
4.232998766398125667e+00
4.239412400892668131e+00
4.245826035387210595e+00
4.252239669881753947e+00
4.258653304376296411e+00
4.265066938870838875e+00
4.271480573365381339e+00
4.277894207859923803e+00
4.284307842354467155e+00
4.290721476849009619e+00
4.297135111343552083e+00
4.303548745838094547e+00
4.309962380332637011e+00
4.316376014827179475e+00
4.322789649321722827e+00
4.329203283816265291e+00
4.335616918310807755e+00
4.342030552805350219e+00
4.348444187299892683e+00
4.354857821794435147e+00
4.361271456288978499e+00
4.367685090783520963e+00
4.374098725278063426e+00
4.380512359772605890e+00
4.386925994267148354e+00
4.393339628761690818e+00
4.399753263256234170e+00
4.406166897750776634e+00
4.412580532245319098e+00
4.418994166739861562e+00
4.425407801234404026e+00
4.431821435728946490e+00
4.438235070223489842e+00
4.444648704718032306e+00
4.451062339212574770e+00
4.457475973707117234e+00
4.463889608201659698e+00
4.470303242696202162e+00
4.476716877190745514e+00
4.483130511685287978e+00
4.489544146179830442e+00
4.495957780674372906e+00
4.502371415168915370e+00
4.508785049663457833e+00
4.515198684158001186e+00
4.521612318652543649e+00
4.528025953147086113e+00
4.534439587641628577e+00
4.540853222136171041e+00
4.547266856630713505e+00
4.553680491125256857e+00
4.560094125619799321e+00
4.566507760114341785e+00
4.572921394608884249e+00
4.579335029103426713e+00
4.585748663597969177e+00
4.592162298092512529e+00
4.598575932587054993e+00
4.604989567081597457e+00
4.611403201576139921e+00
4.617816836070682385e+00
4.624230470565225737e+00
4.630644105059768201e+00
4.637057739554310665e+00
4.643471374048853129e+00
4.649885008543395593e+00
4.656298643037938056e+00
4.662712277532481409e+00
4.669125912027023872e+00
4.675539546521566336e+00
4.681953181016108800e+00
4.688366815510651264e+00
4.694780450005193728e+00
4.701194084499737080e+00
4.707607718994279544e+00
4.714021353488822008e+00
4.720434987983364472e+00
4.726848622477906936e+00
4.733262256972449400e+00
4.739675891466992752e+00
4.746089525961535216e+00
4.752503160456077680e+00
4.758916794950620144e+00
4.765330429445162608e+00
4.771744063939705072e+00
4.778157698434248424e+00
4.784571332928790888e+00
4.790984967423333352e+00
4.797398601917875816e+00
4.803812236412418279e+00
4.810225870906960743e+00
4.816639505401504096e+00
4.823053139896046559e+00
4.829466774390589023e+00
4.835880408885131487e+00
4.842294043379673951e+00
4.848707677874216415e+00
4.855121312368759767e+00
4.861534946863302231e+00
4.867948581357844695e+00
4.874362215852387159e+00
4.880775850346929623e+00
4.887189484841472087e+00
4.893603119336015439e+00
4.900016753830557903e+00
4.906430388325100367e+00
4.912844022819642831e+00
4.919257657314185295e+00
4.925671291808727759e+00
4.932084926303271111e+00
4.938498560797813575e+00
4.944912195292356039e+00
4.951325829786898503e+00
4.957739464281440966e+00
4.964153098775984319e+00
4.970566733270526782e+00
4.976980367765069246e+00
4.983394002259611710e+00
4.989807636754154174e+00
4.996221271248696638e+00
5.002634905743239990e+00
5.009048540237782454e+00
5.015462174732324918e+00
5.021875809226867382e+00
5.028289443721409846e+00
5.034703078215952310e+00
5.041116712710495662e+00
5.047530347205038126e+00
5.053943981699580590e+00
5.060357616194123054e+00
5.066771250688665518e+00
5.073184885183207982e+00
5.079598519677751334e+00
5.086012154172293798e+00
5.092425788666836262e+00
5.098839423161378726e+00
5.105253057655921189e+00
5.111666692150463653e+00
5.118080326645007005e+00
5.124493961139549469e+00
5.130907595634091933e+00
5.137321230128634397e+00
5.143734864623176861e+00
5.150148499117719325e+00
5.156562133612262677e+00
5.162975768106805141e+00
5.169389402601347605e+00
5.175803037095890069e+00
5.182216671590432533e+00
5.188630306084974997e+00
5.195043940579518349e+00
5.201457575074060813e+00
5.207871209568603277e+00
5.214284844063145741e+00
5.220698478557688205e+00
5.227112113052230669e+00
5.233525747546774021e+00
5.239939382041316485e+00
5.246353016535858949e+00
5.252766651030401412e+00
5.259180285524943876e+00
5.265593920019487229e+00
5.272007554514029692e+00
5.278421189008572156e+00
5.284834823503114620e+00
5.291248457997657084e+00
5.297662092492199548e+00
5.304075726986742900e+00
5.310489361481285364e+00
5.316902995975827828e+00
5.323316630470370292e+00
5.329730264964912756e+00
5.336143899459455220e+00
5.342557533953998572e+00
5.348971168448541036e+00
5.355384802943083500e+00
5.361798437437625964e+00
5.368212071932168428e+00
5.374625706426710892e+00
5.381039340921254244e+00
5.387452975415796708e+00
5.393866609910339172e+00
5.400280244404881635e+00
5.406693878899424099e+00
5.413107513393966563e+00
5.419521147888509915e+00
5.425934782383052379e+00
5.432348416877594843e+00
5.438762051372137307e+00
5.445175685866679771e+00
5.451589320361222235e+00
5.458002954855765587e+00
5.464416589350308051e+00
5.470830223844850515e+00
5.477243858339392979e+00
5.483657492833935443e+00
5.490071127328477907e+00
5.496484761823021259e+00
5.502898396317563723e+00
5.509312030812106187e+00
5.515725665306648651e+00
5.522139299801191115e+00
5.528552934295733579e+00
5.534966568790276931e+00
5.541380203284819395e+00
5.547793837779361859e+00
5.554207472273904322e+00
5.560621106768446786e+00
5.567034741262989250e+00
5.573448375757532602e+00
5.579862010252075066e+00
5.586275644746617530e+00
5.592689279241159994e+00
5.599102913735702458e+00
5.605516548230245810e+00
5.611930182724788274e+00
5.618343817219330738e+00
5.624757451713873202e+00
5.631171086208415666e+00
5.637584720702958130e+00
5.643998355197501482e+00
5.650411989692043946e+00
5.656825624186586410e+00
5.663239258681128874e+00
5.669652893175671338e+00
5.676066527670213802e+00
5.682480162164757154e+00
5.688893796659299618e+00
5.695307431153842082e+00
5.701721065648384545e+00
5.708134700142927009e+00
5.714548334637469473e+00
5.720961969132012825e+00
5.727375603626555289e+00
5.733789238121097753e+00
5.740202872615640217e+00
5.746616507110182681e+00
5.753030141604725145e+00
5.759443776099268497e+00
5.765857410593810961e+00
5.772271045088353425e+00
5.778684679582895889e+00
5.785098314077438353e+00
5.791511948571980817e+00
5.797925583066524169e+00
5.804339217561066633e+00
5.810752852055609097e+00
5.817166486550151561e+00
5.823580121044694025e+00
5.829993755539236489e+00
5.836407390033779841e+00
5.842821024528322305e+00
5.849234659022864768e+00
5.855648293517407232e+00
5.862061928011949696e+00
5.868475562506492160e+00
5.874889197001035512e+00
5.881302831495577976e+00
5.887716465990120440e+00
5.894130100484662904e+00
5.900543734979205368e+00
5.906957369473747832e+00
5.913371003968291184e+00
5.919784638462833648e+00
5.926198272957376112e+00
5.932611907451918576e+00
5.939025541946461040e+00
5.945439176441004392e+00
5.951852810935546856e+00
5.958266445430089320e+00
5.964680079924631784e+00
5.971093714419174248e+00
5.977507348913716712e+00
5.983920983408260064e+00
5.990334617902802528e+00
5.996748252397344991e+00
6.003161886891887455e+00
6.009575521386429919e+00
6.015989155880972383e+00
6.022402790375515735e+00
6.028816424870058199e+00
6.035230059364600663e+00
6.041643693859143127e+00
6.048057328353685591e+00
6.054470962848228055e+00
6.060884597342771407e+00
6.067298231837313871e+00
6.073711866331856335e+00
6.080125500826398799e+00
6.086539135320941263e+00
6.092952769815483727e+00
6.099366404310027079e+00
6.105780038804569543e+00
6.112193673299112007e+00
6.118607307793654471e+00
6.125020942288196935e+00
6.131434576782739398e+00
6.137848211277282751e+00
6.144261845771825215e+00
6.150675480266367678e+00
6.157089114760910142e+00
6.163502749255452606e+00
6.169916383749995070e+00
6.176330018244538422e+00
6.182743652739080886e+00
6.189157287233623350e+00
6.195570921728165814e+00
6.201984556222708278e+00
6.208398190717250742e+00
6.214811825211794094e+00
6.221225459706336558e+00
6.227639094200879022e+00
6.234052728695421486e+00
6.240466363189963950e+00
6.246879997684507302e+00
6.253293632179049766e+00
6.259707266673592230e+00
6.266120901168134694e+00
6.272534535662677158e+00
6.278948170157219622e+00
6.285361804651762974e+00
6.291775439146305438e+00
6.298189073640847901e+00
6.304602708135390365e+00
6.311016342629932829e+00
6.317429977124475293e+00
6.323843611619018645e+00
6.330257246113561109e+00
6.336670880608103573e+00
6.343084515102646037e+00
6.349498149597188501e+00
6.355911784091730965e+00
6.362325418586274317e+00
6.368739053080816781e+00
6.375152687575359245e+00
6.381566322069901709e+00
6.387979956564444173e+00
6.394393591058986637e+00
6.400807225553529989e+00
6.407220860048072453e+00
6.413634494542614917e+00
